# oST version 5.0 parameters


[image]

width
720

height
540

[hik_camera_2]

camera matrix
634.219946 0.000000 388.810206
0.000000 635.994884 293.669527
0.000000 0.000000 1.000000

distortion
-0.069249 0.075832 0.004454 0.003169 0.000000

rectification
1.000000 0.000000 0.000000
0.000000 1.000000 0.000000
0.000000 0.000000 1.000000

projection
625.272400 0.000000 390.768752 0.000000
0.000000 627.557617 295.050231 0.000000
0.000000 0.000000 1.000000 0.000000